Price_AGG=[79.93842448181827, 80.23882312296666, 78.36905227156024, 78.74450716908561, 77.04288537713076, 77.4763112154186, 75.9225419692501, 76.3997283783202, 74.97637194831655, 75.48553124236827, 74.17757874809855, 74.70896348597617, 73.50347566392469, 74.04905531162632, 72.93485609991757, 73.48804371838644, 72.45546028594325, 73.01088155876796, 72.05152368765444, 72.60482178152523, 71.71139459633719, 72.25906534481038, 71.42521030193197, 71.9644630478964]
Price_SR_HIGH=[4515.000756243602, 4512.932935234109, 4510.427850527336, 4508.000282564219, 4505.685290194674, 4503.480541373189, 4501.381012480297, 4499.381699736999, 4497.477820951204, 4495.664820846803, 4493.938361480406, 4492.294311965261, 4490.728738595411, 4489.237895434184, 4487.818215351358, 4486.466301488122, 4485.178919129435, 4483.952987964345, 4482.78557471575, 4481.673886121966, 4480.615262253308, 4479.607170147696, 4478.647197750054, 4477.733048141001]
Price_CEMENT=[739.836319644191, 738.4330167889829, 736.8106590254837, 734.9918573956753, 733.0009715838552, 730.8638014257043, 728.6072684713369, 726.2590913750477, 723.8474588777775, 721.4007040995012, 718.9469837692106, 716.5139658917375, 714.1285291855602, 711.8164774265565, 709.6022716023243, 707.5087825234, 705.5570662549263, 703.7661644287176, 702.1529311750719, 700.7318880800196, 699.5151082309865, 698.5121300661112, 697.729901393699, 697.1727536024392]
Price_SAND=[268.9926028115409, 265.8987972815214, 262.95880942115457, 260.1177623616252, 257.3822756129869, 254.74636600462074, 252.20683723798572, 249.76007617056638, 247.4027125421377, 245.13147619057148, 242.9432212179056, 240.834915669292, 238.80363857114568, 236.84657562679791, 234.96101537083314, 233.1443454013018, 231.3940487626048, 229.7077004578279, 228.0829640890624, 226.5175886203572, 225.00940525896323, 223.55632445051853, 222.15633298401755, 220.80749120255228]
Price_GLASS_SH=[161.9348451393064, 161.8556447095157, 161.7767678301433, 161.6991455891543, 161.6228190255735, 161.54777054993542, 161.47397902821155, 161.40142342596113, 161.33008304419016, 161.25993752947147, 161.1909668691997, 161.12315138595213, 161.0564717318792, 160.99090888318503, 160.92644413469978, 160.86305909454308, 160.8007356788768, 160.73945610674582, 160.67920289500486, 160.6199588533308, 160.56170707931796, 160.50443095365608, 160.4481141353887, 160.39274055725096]
Price_SALARY=[999.8264202618012, 1000.148684258723, 999.769533244988, 999.0427657521691, 998.1464752111028, 997.1702815604049, 996.1592556141892, 995.1360366161812, 994.111969248559, 993.0927115260865, 992.0810585744874, 991.0783645025825, 990.085258362323, 989.1020046557637, 988.1286848582024, 987.165288816326, 986.2117607651153, 985.2680224936553, 984.3339850046196, 983.4095543799484, 982.4946347291794, 981.5891296688428, 980.6929430622433, 979.8059793868746]
