Price_AGG=[80.99010163637925, 81.73135321194736, 82.47260478751551, 83.21385636308366, 83.95510793865179, 84.69635951421992, 85.43761108978808, 86.1788626653562, 86.92011424092435, 87.66136581649248]
Price_SR_HIGH=[6642.13491707155, 6717.791530164484, 6793.4481432574175, 6869.104756350351, 6944.761369443284, 7020.417982536217, 7096.074595629151, 7171.7312087220835, 7247.387821815018, 7323.044434907951]
Price_CEMENT=[747.9762841409198, 753.8040229003535, 759.631761659787, 765.4595004192207, 771.2872391786542, 777.1149779380879, 782.9427166975215, 788.7704554569553, 794.5981942163888, 800.4402737619386]
Price_SAND=[282.2884391043613, 285.082936859612, 287.87743461486264, 290.71453782740133, 293.574673236846, 296.44180988507657, 299.33402708945187, 302.23736369538835, 305.1553377813456, 308.07331186730283]
Price_GLASS_SH=[164.2949599940362, 166.03297703005404, 167.77099406607195, 169.5090111020899, 171.2470281381077, 172.98504517412564, 174.72306221014355, 176.46107924616146, 178.1990962821793, 179.93711331819722]
Price_WATER=[7.11,7.11,7.11,7.11,7.11,7.11,7.11,7.11,7.11,7.11]
Price_SALARY=[1133.7479829343597, 1143.4319636289893, 1153.1159443236188, 1162.7999250182486, 1172.483905712878, 1182.1678864075075, 1191.8518671021372, 1201.5358477967666, 1211.2198284913964, 1220.903809186026]