Price_AGG=[80.99010163637925, 81.73135321194736, 82.47260478751551, 83.21385636308366, 83.95510793865179, 84.69635951421992, 85.43761108978808, 86.1788626653562, 86.92011424092433, 87.66136581649248, 88.40261739206062, 89.14386896762875, 89.8851205431969, 90.62637211876503, 91.36762369433319, 92.10887526990132, 92.85012684546946, 93.5913784210376, 94.33262999660576, 95.07388157217389, 95.81513314774202, 96.55638472331017, 97.2976362988783, 98.03888787444644]
Price_SR_HIGH=[6642.13491707155, 6717.791530164484, 6793.4481432574175, 6869.104756350351, 6944.761369443284, 7020.417982536217, 7096.074595629151, 7171.7312087220835, 7247.387821815018, 7323.044434907951, 7398.701048000883, 7474.357661093818, 7550.014274186751, 7625.6708872796835, 7701.327500372618, 7776.98411346555, 7852.640726558482, 7928.297339651417, 8003.95395274435, 8079.610565837284, 8155.267178930217, 8230.923792023148, 8306.580405116085, 8382.237018209016]
Price_CEMENT=[747.9762841409198, 753.8040229003535, 759.631761659787, 765.4595004192207, 771.2872391786542, 777.1149779380879, 782.9427166975215, 788.7704554569553, 794.5981942163887, 800.4402737619388, 806.3469536197778, 812.2536334776166, 818.1603133354557, 824.0668947172927, 830.0443733620738, 836.0754651744397, 842.1065569868061, 848.1376487991721, 854.1687406115383, 860.1998324239045, 866.2309242362707, 872.2620160486366, 878.293107861003, 884.3241996733692]
Price_SAND=[282.2884391043613, 285.082936859612, 287.87743461486264, 290.71453782740133, 293.574673236846, 296.44180988507657, 299.33402708945187, 302.23736369538835, 305.1553377813456, 308.0733118673029, 310.9912859532601, 313.9257792695452, 316.87584794066817, 319.82591661179123, 322.79163506370196, 325.7756847244156, 328.75973438512915, 331.7515874042363, 334.78013891179836, 337.8086904193603, 340.8372419269224, 343.86579343448443, 346.89434494204653, 349.92289644960863]
Price_GLASS_SH=[164.2949599940362, 166.03297703005404, 167.77099406607195, 169.5090111020899, 171.2470281381077, 172.98504517412564, 174.72306221014355, 176.46107924616146, 178.1990962821793, 179.9371133181972, 181.67513035421507, 183.413147390233, 185.15116442625086, 186.88918146226877, 188.62719849828667, 190.36521553430455, 192.10323257032243, 193.84124960634034, 195.57926664235822, 197.3172836783761, 199.06955378068983, 200.826484707336, 202.58341563398216, 204.34034656062838]
Price_SALARY=[1133.7479829343597, 1143.4319636289893, 1153.1159443236188, 1162.7999250182486, 1172.483905712878, 1182.1678864075075, 1191.8518671021372, 1201.5358477967666, 1211.2198284913961, 1220.9038091860257, 1230.5877898806555, 1240.271770575285, 1249.9557512699141, 1259.6397319645441, 1269.3237126591735, 1279.0076933538032, 1288.6916740484326, 1298.3756547430621, 1308.0596354376921, 1317.7436161323217, 1327.4275968269512, 1337.1115775215806, 1346.7955582162099, 1356.4795389108397]
Price_WATER=[7.11,7.11,7.11,7.11,7.11,7.11,7.11,7.11,7.11,7.11,7.11,7.11,7.11,7.11,7.11,7.11,7.11,7.11,7.11,7.11,7.11,7.11,7.11,7.11]